0.0 0.0 0.0 0.0 
11.791 0.0 0.0 0.0 
0.0 2.178694107533669 0.0 0.0 
12.086985230329416 0.0 0.0 0.0 
378.83624182261684 130.35531672598663 6.073491917256419 0.0 
94.04993849847907 0.0 7.159495138829722 0.0 
69.41373231948366 0.0 0.0 0.0 
0.0 0.0 0.0 0.0 
429.8656713993021 186.49159183036718 223.50835619507384 88.15788233696915 
275.2689983150489 30.91226320824218 28.91980284296403 5.095341630769962 
147.79318650385542 0.0 0.6173685140097217 16.216036012860428 
208.12361350116527 65.92838307564713 0.08100000000000002 39.02060322778319 
6.791 0.0 0.04050000000000001 3.5940634501092106 
0.0 0.0 0.0 0.0 
0.0 10.0 0.0 0.0 
0.0 0.0 0.0 0.0 
0.16947543023088052 60.09798235338728 0.0 0.0 
81.35303357239894 119.70793655951582 7.746896273889779 0.0 
32.09205828975467 0.0 0.0 0.0 
0.0 0.0 0.0 0.0 
210.4966470734543 459.03896598458743 229.48854383454884 41.45175163312377 
75.1440352071069 265.4532532479879 106.81874441227211 126.16339465400229 
18.547043339650646 435.0610954260985 154.57627195805983 6.542665311135436 
51.63978356775145 295.62833409640103 25.602867715899283 32.42738292472645 
0.0 0.0 0.0 0.0 
0.0 0.0 0.0 0.0 
0.0 0.0 0.0 0.0 
0.0 0.0 0.0 0.0 
0.0 0.0 10.61119 0.0 
0.0 0.0 29.99257172376177 0.0 
26.255511275772125 3.989429318567441 74.79519671064733 1.6785516855168368 
0.0 0.0 0.0 0.0 
185.88762294871003 101.86736823167999 316.7827011779657 50.833100209869826 
46.32270760810236 56.979498127568355 228.8264401864109 53.756326429133054 
18.245342383968378 128.80157465862604 390.4011689964928 176.06070035456625 
19.81913693688705 0.0 244.3421077613103 29.32038815821967 
0.0 0.0 0.0 0.0 
0.0 0.0 0.0 0.0 
0.0 0.0 0.0 19.0 
0.0 0.0 0.0 0.0 
1.335877382687838 54.40479408402564 6.0378295908864645 26.79373029223281 
22.94127934585568 28.312859702906856 0.0 0.0 
42.876543051899716 0.0 0.0 0.0 
0.0 11.697922 60.885168469486416 342.8888949677526 
76.13491980692656 38.51930237821139 40.60908837469531 380.57825865568407 
58.430026783402134 87.29056184994104 43.20479632440437 307.5254388851097 
0.0 0.0 84.52771031484073 289.1134434327024 
53.946954598460394 17.042371251794723 194.96998365650364 423.64882277334254 
0.0 0.0 0.0 0.0 
0.0 0.0 0.0 0.0 
0.0 0.0 0.0 0.0 
0.0 0.0 0.0 0.0 
0.0 0.0 0.0 0.0 
0.0 0.0 0.0 0.0 
0.0 0.0 0.0 0.0 
0.0 0.0 0.0 0.0 
0.0 0.0 0.0 0.0 
0.0 0.0 0.0 0.0 
0.0 0.0 0.0 0.0 
0.0 0.0 0.0 0.0 
358.4148632987407 5.68691815281834 0.0 0.0 
0.0 0.0 0.0 3.0597460711018853 
3.3685408709394427 0.0 0.0 0.0 
2.29818877913161 0.03645 0.0 26.182526140043798 
0.104855173600196 0.3281633712369053 0.8102225154420909 0.0 
0.0 0.0 0.0 0.0 
35.265936282062434 0.0 0.0 0.0 
0.0 0.0 0.0 0.0 
324.6483776240058 30.20514032109967 5.055099053447823 28.039508592510522 
184.2955084512883 5.296101751904438 3.0668912621075246 11.204500290193417 
66.90518840495199 0.0 0.0 0.0 
96.16839220104364 10.738173950023652 0.0 0.0 
0.0 0.0 0.0 0.0 
0.0 79.529704636001 0.519231070841098 0.0 
0.0 0.0 0.0 0.0 
3.5676231846831 10.007866071214696 0.0 25.81092568620617 
0.5713369901218449 0.0 0.0 0.0 
0.0 0.0 0.0 0.0 
0.0 0.0 0.0 0.0 
0.0 2.9343346948024207 0.0 0.0 
72.737745396501 301.8513187217897 34.05816052476637 3.470539398453669 
40.919255164628794 178.70494340151433 56.24448341080733 12.800407238553678 
0.0 145.4501251106862 0.7736369213002982 0.0 
0.0 33.735167882757175 0.0 42.97506897993263 
0.0 0.0 0.0 0.0 
0.0 0.0 0.0 0.0 
0.0 0.0 47.60947873982566 1.3513139642351186 
0.0 0.0 0.0 0.0 
0.0 0.0 0.0 0.0 
0.0 0.0 0.0 0.0 
0.0 0.0 0.0 0.0 
0.0 14.123745821887763 0.0 0.0 
16.562475240287302 13.266930739866705 188.50550346307944 7.928483024666033 
0.0 7.212900688078513 187.82744560924098 4.245884083353694 
11.4099989993556 21.207554112692463 316.7766399794615 66.49924460237476 
13.106923682297566 0.6311560851895432 81.10838157957832 2.6734981719984674 
0.0 0.0 0.0 0.0 
0.0 0.0 0.0 0.0 
0.0 0.0 0.0 0.0 
0.0 0.0 40.73817566375378 336.2452431440515 
0.0 0.0 0.0 0.0 
0.0 0.0 0.0 0.0 
0.0 0.0 0.0 0.0 
0.0 0.0 0.0 0.0 
0.7504180101146365 0.8567433441034229 0.0 220.82802334587774 
0.6084020356171371 33.7708620557596 30.35956343551051 158.23679590616845 
0.037021708203386704 0.0 3.50012817822211 146.84109916414704 
27.561940034037576 0.0 87.65413754938797 379.9090357687878 
0.0 0.0 0.0 0.0 
0.0 0.0 0.0 0.0 
0.0 0.0 0.0 0.0 
0.0 0.0 0.0 0.0 
0.0 0.0 0.0 0.0 
0.0 0.0 0.0 0.0 
0.0 0.0 0.0 0.0 
0.0 0.0 0.0 0.0 
0.0 0.0 0.0 0.0 
0.0 0.0 0.0 0.0 
0.0 0.0 0.0 0.0 
0.0 0.0 0.0 0.0 
23.651521378223485 0.0 0.0 0.6835686678108895 
0.0 0.0 0.0 0.0 
0.0 0.0 0.0 0.0 
0.0 0.0 0.0 0.0 
35.637360661863774 32.64001161415159 27.07532223064077 7.550928642055845 
16.27764658376242 0.0 0.0 0.0 
0.0 0.0 2.002653140596715 0.0 
13.23872963417808 20.740082147715555 0.0 2.0598048243064597 
123.5410358262107 81.68373082070943 82.41996411483797 95.00544661678742 
80.97087409413773 17.235261954231756 10.0772938569146 10.804791772395992 
45.016925290503785 0.05068276644085228 1.1835661788422898 7.920959821727366 
33.31146908645017 0.0 2.2128659388489207 2.2128659388489207 
17.24558691951146 0.0 0.0 0.7575546391134779 
0.0 9.5 0.0 0.0 
0.0 1.2004711427733366 23.32227328262539 1.923212444742676 
0.0 0.0 0.0 10.056700607032907 
10.806100483350242 5.720355450069887 1.5521028227560316 6.631229176537535 
0.0 7.738678504870082 0.0 0.0 
0.0 22.404494531115382 0.003310024500000001 0.0 
0.0 1.5043742529738373 0.0 0.0 
8.418576156205472 63.46219820093646 60.22427721756346 15.051572634695942 
58.415046996415185 148.91602041752583 53.92953934890232 42.275727473673285 
14.45490172852287 158.89490626732854 41.396536999536934 32.36827639257501 
1.2912326239189764 16.455864612349604 2.9733793736820058 2.6323565644110145 
0.0 0.0 0.0 0.0 
0.0 5.0 0.0 0.0 
0.0 0.0 116.51325957259773 27.133138631296 
0.0 26.683894037480837 0.0 0.0 
0.5885497523701175 0.0 5.5876513288721705 14.419415629964217 
0.0 0.0 0.0 0.0 
0.13466552781874813 0.0 89.7989723992669 87.37095824255759 
0.0 0.0 0.0 0.0 
14.888093921132853 16.550742996503395 62.043735679014006 26.130693381930747 
0.0 1.3016300524699573 79.76933574868035 0.08627617656204388 
78.19495196764463 86.63976488988969 120.68117565275814 74.85891714482416 
0.0 0.0 71.7626880726596 49.607303595082826 
0.0 0.0 0.0 0.0 
0.0 0.0 0.0 0.0 
0.0 0.0 36.17785736322693 0.0 
0.0 0.0 0.0 0.0 
0.0 1.4319199865300956 0.0 0.0 
0.0 0.0 0.0 0.0 
0.0 6.811744899909552 14.71302880230353 16.9531568921853 
0.0 0.0 0.0 142.20976516765546 
4.875680251538159 0.9329790874031253 2.2757362687862566 20.067077096886962 
20.46977506314962 15.174293775272256 13.315601047829094 85.1885166905951 
0.0 0.0 29.7923985906731 102.26488266251303 
25.08621439229514 49.91351459758934 49.708627353356455 174.2114783640209 
0.0 0.0 0.0 0.0 
2.5651734647023723 49.86173898532891 0.0 3.790654594066617 
0.0 0.0 78.72823664805064 6.18061689205801 
3.056549438869515 1.2691246189168135 24.428578620470855 64.20965155907793 
26.87290003648275 0.6437295192284156 0.7393759236981958 0.0 
2.722887891389446 24.71146210503486 0.6239488989382889 5.486174409033217 
1.5579239282520352 0.0 44.83056140841347 2.011914158233678 
0.7398969808864531 0.09689652143320109 17.698145232958616 53.845046618183055 
23.442523094356734 12.212261271079743 8.753784605127091 9.998201100003653 
4.5684385034387756 20.12460815859183 8.807641768784618 9.655286727924503 
7.942135229100714 9.914755852207845 17.80136777693841 10.268426256055372 
8.090746175791564 13.365474939979721 25.58945612031836 32.94726319179068 
